4.817937e-07                                                 
1.813861e-07                                                 
2.042848e-07                                                 
4.894227e-09                                                 
-3.822294e-07                                                
-8.107193e-09                                                
-2.949726e-07                                                
3.788245e-08                                                 
2.999186e-07                                                 
-2.756749e-07                                                
1.081694e-07                                                 
-4.673794e-07                                                
-3.035893e-07                                                
-4.271982e-08                                                
2.406929e-07                                                 
-5.129217e-07                                                
-5.164907e-07                                                
-8.550217e-08                                                
-9.661108e-08                                                
1.351696e-07                                                 
-7.106759e-08                                                
1.038434e-07                                                 
-8.032641e-08                                                
3.781713e-07                                                 
-7.839513e-08                                                
1.341271e-07                                                 
-3.217738e-07                                                
-3.783526e-07                                                
2.203075e-07                                                 
3.010137e-10                                                 
3.081269e-07                                                 
3.888911e-08                                                 
2.627965e-07                                                 
6.808369e-08                                                 
-1.134662e-07                                                
-3.129337e-08                                                
-8.331043e-09                                                
-2.885075e-08                                                
-1.235359e-07                                                
-3.436496e-07                                                
-3.462844e-07                                                
-3.857056e-07                                                
-1.896232e-07                                                
-1.925204e-07                                                
1.336201e-07                                                 
-1.649948e-07                                                
2.479032e-07                                                 
5.609317e-09                                                 
8.688322e-09                                                 
-7.749424e-09                                                
2.176309e-07                                                 
-2.966866e-07                                                
1.512641e-07                                                 
1.358973e-07                                                 
-5.730106e-07                                                
-2.736728e-09                                                
1.984016e-07                                                 
8.945246e-08                                                 
4.222527e-07                                                 
-1.813573e-07                                                
1.697696e-07                                                 
-3.012383e-07                                                
-3.991072e-07                                                
6.201957e-07                                                 
3.630508e-07                                                 
5.743760e-08                                                 
-2.060703e-07                                                
1.361396e-07                                                 
9.348131e-08                                                 
6.366363e-08                                                 
-4.150313e-08                                                
3.494596e-07                                                 
-1.629841e-07                                                
-6.469092e-08                                                
-2.147318e-07                                                
7.391159e-08                                                 
6.740015e-07                                                 
-7.245393e-08                                                
-2.142373e-07                                                
-1.955997e-07                                                
-4.881708e-07                                                
2.016650e-07                                                 
-2.087302e-07                                                
-5.605263e-08                                                
2.695246e-08                                                 
2.476139e-07                                                 
7.728048e-08                                                 
-1.982200e-07                                                
-1.518306e-07                                                
-2.252949e-08                                                
-5.286486e-07                                                
2.428925e-07                                                 
8.202086e-08                                                 
9.509629e-08                                                 
-2.367086e-07                                                
-1.462684e-07                                                
2.419727e-07                                                 
-1.516651e-07                                                
-1.643213e-07                                                
-4.880310e-08                                                
2.170684e-07                                                 
3.390109e-07                                                 
-2.789552e-07                                                
-2.260524e-07                                                
2.788471e-07                                                 
-1.075594e-07                                                
-3.155679e-07                                                
1.935478e-07                                                 
3.141458e-07                                                 
-1.644860e-07                                                
-4.119028e-08                                                
3.286061e-07                                                 
1.272458e-07                                                 
-1.335680e-07                                                
-2.265771e-07                                                
6.206450e-08                                                 
2.800090e-09                                                 
-3.870574e-07                                                
1.664929e-08                                                 
-1.676732e-07                                                
-1.811642e-07                                                
-9.627814e-08                                                
3.228132e-07                                                 
-2.781672e-07                                                
5.742221e-08                                                 
-4.815820e-07                                                
-3.053042e-07                                                
-2.621741e-07                                                
1.868910e-07                                                 
-2.379955e-07                                                
-2.248409e-09                                                
1.209652e-07                                                 
2.098239e-07                                                 
7.787251e-08                                                 
-9.303796e-08                                                
-4.369182e-07                                                
-8.508123e-08                                                
-5.132594e-07                                                
-1.564382e-07                                                
-1.094099e-07                                                
2.812014e-07                                                 
1.103383e-08                                                 
2.195983e-07                                                 
-2.088620e-07                                                
-3.433005e-07                                                
-2.707038e-07                                                
2.396679e-07                                                 
-3.059965e-07                                                
5.142950e-07                                                 
-1.749097e-07                                                
3.095635e-07                                                 
-3.092244e-07                                                
2.489328e-07                                                 
3.184726e-07                                                 
-2.216126e-08                                                
1.177060e-07                                                 
-9.284454e-08                                                
5.541782e-08                                                 
2.520825e-07                                                 
-2.445637e-07                                                
1.702957e-07                                                 
3.239217e-08                                                 
2.459826e-07                                                 
6.281123e-08                                                 
1.544814e-07                                                 
-3.974333e-08                                                
3.052410e-07                                                 
-3.362435e-07                                                
-5.349078e-07                                                
2.592323e-09                                                 
2.505067e-07                                                 
7.244366e-08                                                 
1.726654e-07                                                 
7.523810e-08                                                 
-2.610752e-07                                                
1.772193e-08                                                 
2.694728e-07                                                 
2.431158e-08                                                 
-1.667148e-07                                                
1.768478e-07                                                 
1.300317e-07                                                 
6.213503e-09                                                 
-2.713282e-08                                                
-4.241713e-07                                                
4.433923e-07                                                 
1.982996e-07                                                 
-1.841416e-07                                                
1.207125e-07                                                 
-3.968735e-07                                                
2.260256e-07                                                 
-1.728269e-07                                                
-3.332014e-07                                                
-3.519439e-07                                                
2.884044e-07                                                 
-1.212409e-07                                                
-8.947005e-08                                                
2.209359e-07                                                 
1.228719e-07                                                 
3.920187e-08                                                 
4.283889e-07                                                 
-4.206995e-07                                                
-2.914493e-08                                                
-3.582570e-07                                                
-1.732216e-07                                                
2.178873e-07                                                 
-2.722873e-09                                                
1.849640e-07                                                 
-1.896144e-07                                                
3.869628e-07                                                 
-3.654939e-07                                                
-1.265999e-08                                                
-4.446877e-07                                                
-1.003752e-07                                                
9.166294e-08                                                 
2.474692e-07                                                 
7.722315e-07                                                 
3.512686e-07                                                 
-1.307553e-07                                                
-1.717408e-07                                                
6.013396e-08                                                 
4.213123e-07                                                 
2.869714e-07                                                 
-4.696103e-07                                                
-1.410896e-07                                                
2.994076e-07                                                 
5.436268e-07                                                 
-5.644310e-07                                                
-3.460119e-07                                                
4.414047e-08                                                 
4.285007e-08                                                 
2.877645e-08                                                 
-1.166481e-07                                                
-1.285338e-07                                                
2.373850e-07                                                 
-4.118457e-07                                                
3.496621e-07                                                 
-3.511718e-07                                                
-1.306496e-07                                                
2.589629e-08                                                 
-1.218377e-09                                                
-5.200982e-08                                                
-2.001059e-08                                                
-1.474137e-07                                                
2.891591e-08                                                 
3.082420e-07                                                 
-1.351971e-08                                                
1.634065e-08                                                 
2.306277e-07                                                 
4.210262e-07                                                 
-9.760326e-08                                                
4.359731e-08                                                 
2.805911e-07                                                 
-1.082046e-07                                                
4.372949e-08                                                 
3.591370e-07                                                 
-3.300747e-08                                                
-3.405116e-08                                                
-2.846064e-07                                                
3.889008e-07                                                 
-1.091991e-07                                                
6.712070e-08                                                 
6.925325e-08                                                 
4.725513e-08                                                 
4.347844e-08                                                 
-1.550808e-07                                                
-1.144312e-07                                                
-4.814676e-09                                                
-1.835083e-07                                                
5.304304e-07                                                 
1.307008e-07                                                 
-3.864997e-08                                                
2.281549e-07                                                 
-1.161625e-07                                                
-2.449073e-07                                                
-5.308705e-08                                                
-1.713132e-07                                                
-3.223282e-07                                                
1.463093e-07                                                 
-1.374620e-07                                                
1.692381e-07                                                 
9.085797e-08                                                 
1.562978e-07                                                 
1.142574e-07                                                 
-4.070366e-08                                                
-4.449106e-09                                                
-3.584316e-07                                                
-1.330434e-07                                                
-2.197961e-07                                                
-1.818736e-07                                                
-2.832212e-07                                                
-2.020981e-07                                                
-9.753619e-08                                                
-7.930822e-08                                                
-2.838534e-07                                                
3.637461e-07                                                 
7.332657e-09                                                 
-3.466992e-07                                                
2.861133e-07                                                 
8.665674e-08                                                 
2.679060e-07                                                 
-5.318063e-07                                                
-2.229386e-07                                                
-1.907306e-07                                                
-2.837935e-07                                                
4.849053e-08                                                 
-2.188770e-07                                                
-2.254231e-07                                                
-2.737904e-07                                                
-5.437697e-08                                                
-9.978392e-08                                                
-1.225103e-07                                                
-1.500621e-07                                                
-6.094530e-07                                                
1.529371e-07                                                 
2.845437e-07                                                 
5.034385e-08                                                 
4.233070e-07                                                 
7.862377e-08                                                 
2.427424e-07                                                 
8.690700e-09                                                 
-3.764418e-07                                                
-3.070449e-07                                                
-6.023103e-07                                                
5.165649e-09                                                 
2.003749e-07                                                 
-5.630141e-07                                                
5.125596e-07                                                 
-1.723873e-07                                                
4.131367e-08                                                 
2.639003e-07                                                 
-1.227918e-07                                                
-9.263111e-08                                                
-9.607199e-08                                                
1.881031e-07                                                 
1.817382e-07                                                 
-3.784443e-08                                                
6.045560e-07                                                 
2.331880e-07                                                 
1.671832e-08                                                 
2.267185e-07                                                 
-2.886132e-07                                                
-4.901454e-08                                                
1.355362e-07                                                 
2.305986e-08                                                 
1.143482e-07                                                 
-4.609785e-07                                                
-2.784633e-07                                                
-4.050232e-07                                                
3.477328e-07                                                 
1.635753e-07                                                 
3.018017e-07                                                 
-1.166495e-07                                                
3.392399e-07                                                 
3.832482e-07                                                 
-2.086497e-09                                                
1.755836e-07                                                 
-5.410158e-08                                                
1.535314e-07                                                 
-3.151116e-07                                                
-5.485236e-07                                                
2.934782e-08                                                 
1.757011e-07                                                 
2.048504e-07                                                 
3.768729e-09                                                 
-1.680314e-07                                                
-3.951751e-07                                                
4.157585e-07                                                 
-9.259150e-08                                                
-1.031338e-07                                                
1.415127e-08                                                 
2.319400e-07                                                 
3.849796e-07                                                 
-1.109703e-07                                                
-2.317445e-07                                                
3.321063e-07                                                 
-1.317292e-07                                                
-5.787059e-08                                                
-1.399187e-07                                                
-3.181504e-08                                                
2.993156e-07                                                 
-2.414866e-08                                                
-2.622861e-07                                                
-4.494933e-07                                                
-3.040930e-07                                                
-4.980552e-07                                                
-1.659560e-07                                                
-2.203926e-07                                                
-1.940994e-07                                                
3.422847e-07                                                 
-2.078073e-07                                                
1.905057e-07                                                 
3.093018e-07                                                 
4.173006e-07                                                 
7.773779e-08                                                 
3.308368e-07                                                 
2.405993e-07                                                 
-2.875172e-07                                                
-2.163064e-08                                                
-3.480245e-07                                                
-2.537506e-07                                                
-4.390037e-08                                                
5.968554e-07                                                 
1.709437e-07                                                 
2.566522e-07                                                 
3.987427e-07                                                 
9.754418e-08                                                 
-1.256737e-07                                                
-5.060059e-08                                                
4.682312e-08                                                 
-1.982819e-07                                                
-1.012748e-07                                                
-4.627102e-07                                                
-2.781397e-07                                                
-2.291344e-07                                                
-1.491405e-07                                                
-3.720422e-08                                                
8.444121e-08                                                 
3.381616e-07                                                 
2.355921e-07                                                 
8.805974e-08                                                 
-2.128852e-07                                                
6.020186e-08                                                 
4.581817e-07                                                 
-3.012373e-07                                                
-3.470956e-07                                                
-3.833880e-08                                                
-8.648338e-08                                                
-1.923528e-07                                                
-7.772420e-08                                                
-9.959553e-08                                                
-2.633490e-08                                                
1.872961e-07                                                 
-2.827877e-07                                                
1.864829e-07                                                 
-6.426573e-08                                                
3.157302e-08                                                 
2.422532e-07                                                 
-3.362065e-07                                                
1.382512e-07                                                 
-3.058337e-07                                                
-1.116267e-07                                                
9.854080e-08                                                 
-3.908509e-07                                                
1.347558e-07                                                 
2.051841e-07                                                 
-7.472262e-08                                                
-2.541004e-07                                                
-2.630985e-07                                                
-9.437878e-08                                                
1.735771e-07                                                 
-2.915904e-08                                                
5.717793e-07                                                 
6.282041e-08                                                 
-3.461183e-07                                                
1.422133e-07                                                 
2.807039e-07                                                 
9.005945e-08                                                 
-4.336033e-08                                                
8.188405e-09                                                 
-3.391262e-07                                                
-2.756932e-07                                                
4.707740e-08                                                 
-3.039850e-07                                                
-2.490530e-07                                                
4.671778e-07                                                 
-1.121677e-07                                                
3.020687e-07                                                 
-9.187464e-08                                                
4.288957e-07                                                 
1.515943e-07                                                 
-3.617028e-08                                                
-2.444188e-07                                                
-1.838255e-09                                                
4.349390e-08                                                 
4.956083e-07                                                 
-2.518211e-07                                                
1.547939e-08                                                 
5.063177e-08                                                 
1.193062e-07                                                 
5.472091e-09                                                 
-4.062932e-07                                                
5.563150e-07                                                 
-3.557895e-07                                                
-1.598541e-07                                                
1.057273e-07                                                 
-3.390753e-08                                                
4.028705e-07                                                 
-2.066930e-07                                                
1.394573e-08                                                 
-4.060821e-07                                                
1.345215e-07                                                 
2.128726e-07                                                 
-1.452411e-07                                                
-1.636845e-07                                                
3.888267e-07                                                 
2.983748e-08                                                 
4.939647e-08                                                 
1.538486e-07                                                 
7.683276e-08                                                 
-2.033290e-07                                                
-2.115542e-07                                                
2.311268e-08                                                 
2.489040e-07                                                 
-2.374007e-07                                                
1.200480e-07                                                 
4.555301e-07                                                 
2.222133e-07                                                 
-1.970464e-07                                                
4.053763e-07                                                 
-2.553510e-07                                                
-3.160553e-07                                                
4.537685e-07                                                 
2.670168e-07                                                 
-4.280921e-08                                                
-3.541549e-08                                                
6.491820e-08                                                 
-2.480689e-07                                                
4.510665e-08                                                 
-2.162517e-07                                                
-2.995989e-09                                                
-4.747122e-08                                                
2.329015e-07                                                 
-1.160580e-07                                                
6.459743e-08                                                 
2.374145e-07                                                 
-1.085783e-07                                                
1.259772e-07                                                 
7.756982e-08                                                 
1.704441e-07                                                 
4.373659e-08                                                 
-1.207705e-07                                                
2.056740e-07                                                 
-2.430032e-07                                                
-1.503236e-08                                                
-3.385465e-07                                                
3.790001e-07                                                 
-1.875617e-07                                                
-1.379203e-09                                                
-1.125920e-07                                                
-3.788021e-07                                                
2.493218e-07                                                 
-1.294426e-07                                                
3.093306e-07                                                 
4.583891e-08                                                 
-3.337103e-08                                                
2.112870e-07                                                 
1.736012e-07                                                 
-3.246718e-07                                                
5.949028e-07                                                 
1.894911e-07                                                 
-4.259279e-07                                                
-4.468356e-08                                                
-6.182993e-07                                                
-1.193898e-07                                                
-1.328160e-07                                                
-6.568889e-08                                                
-2.103114e-07                                                
-9.755346e-08                                                
3.012655e-07                                                 
-1.061575e-07                                                
-7.679130e-08                                                
-3.920132e-07                                                
-4.718005e-07                                                
6.668785e-08                                                 
-8.385943e-08                                                
-1.628474e-08                                                
3.687602e-07                                                 
-2.876027e-07                                                
4.347376e-07                                                 
-1.034827e-07                                                
2.206796e-08                                                 
-1.013461e-09                                                
-5.495891e-07                                                
1.899288e-07                                                 
3.442314e-07                                                 
-7.843158e-08                                                
-2.735041e-08                                                
-5.884887e-07                                                
1.250037e-07                                                 
-9.155526e-08                                                
1.733519e-08                                                 
2.275967e-07                                                 
-2.918574e-07                                                
3.219754e-07                                                 
1.590377e-07                                                 
2.131944e-07                                                 
-4.457601e-08                                                
1.115106e-07                                                 
-1.651474e-08                                                
-4.988632e-08                                                
-2.606006e-07                                                
-4.250105e-07                                                
-1.341612e-08                                                
-2.535074e-07                                                
1.444337e-07                                                 
2.712561e-07                                                 
-9.107897e-08                                                
1.237172e-07                                                 
2.451296e-07                                                 
-3.330249e-08                                                
1.169769e-07                                                 
-1.077791e-07                                                
-2.796844e-07                                                
-4.729925e-07                                                
-2.658700e-07                                                
2.355817e-07                                                 
2.861922e-08                                                 
8.652591e-08                                                 
5.694737e-07                                                 
5.435938e-08                                                 
3.454509e-07                                                 
5.011719e-08                                                 
-3.820066e-08                                                
-4.347087e-07                                                
-9.056804e-08                                                
-1.762643e-07                                                
-2.766468e-08                                                
3.185139e-07                                                 
2.030575e-07                                                 
1.323892e-07                                                 
1.862343e-07
-1.285347e-07
-1.054947e-07
-4.703311e-08
-3.176067e-07
-9.143793e-09
8.491131e-08
-3.882581e-08
-2.001982e-09
-1.683384e-07
-8.933538e-08
3.648607e-07
-1.640377e-08
1.977289e-07
1.569375e-07
8.779124e-08
-6.883212e-08
-9.608551e-08
-2.508312e-07
5.178662e-09