   5.0246055e-11
   1.4225692e-09
   1.3256191e-08
   7.0584067e-08
   2.6493841e-07
   7.8131733e-07
   1.9294342e-06
   4.1558890e-06
   8.0295475e-06
   1.4201783e-05
   2.3350799e-05
   3.6122060e-05
   5.3075502e-05
   7.4646399e-05
   1.0112256e-04
   1.3263735e-04
   1.6917582e-04
   2.1059052e-04
   2.5662306e-04
   3.0692829e-04
   3.6109853e-04
   4.1868606e-04
   4.7922281e-04
   5.4223637e-04
   6.0726187e-04
   6.7384914e-04
   7.4156379e-04
   8.0998033e-04
   8.7866509e-04
   9.4714784e-04
   1.0148861e-03
   1.0812354e-03
   1.1454453e-03
   1.2066968e-03
   1.2641740e-03
   1.3171438e-03
   1.3650146e-03
   1.4073639e-03
   1.4439385e-03
   1.4746376e-03
   1.4994877e-03
   1.5186169e-03
   1.5322292e-03
   1.5405835e-03
   1.5439763e-03
   1.5427282e-03
   1.5371732e-03
   1.5276505e-03
   1.5144988e-03
   1.4980515e-03
   1.4786330e-03
   1.4565564e-03
   1.4321212e-03
   1.4056122e-03
   1.3772988e-03
   1.3474338e-03
   1.3162544e-03
   1.2839813e-03
   1.2508197e-03
   1.2169596e-03
   1.1825765e-03
   1.1478321e-03
   1.1128750e-03
   1.0778414e-03
