   1.0039184e-07
   2.4364984e-07
   3.6273571e-07
  -4.8523710e-07
   6.9236198e-08
   1.3725479e-07
   7.3380117e-08
  -7.4157859e-08
  -3.3036519e-07
   3.5116502e-07
  -4.8642947e-07
   3.8301370e-08
  -1.5953056e-07
  -2.1359549e-07
   4.0878057e-07
   1.5766799e-07
   8.3723033e-08
   8.2990359e-08
  -1.3498375e-07
  -1.6078233e-07
  -1.8117116e-07
  -3.1336382e-07
   3.5330037e-07
  -7.3226209e-08
   5.6679273e-07
   2.1375291e-07
  -5.7183382e-07
  -6.1662615e-08
  -8.9280376e-08
   1.5684280e-07
  -4.2065477e-07
   4.7644040e-08
  -1.6788850e-09
  -2.9374448e-08
   1.9486054e-07
  -3.1725771e-08
  -2.7090795e-07
   5.0849834e-07
   1.1928537e-08
   1.6089848e-07
  -7.6294263e-09
   1.2365093e-07
   2.5786832e-07
  -2.4801791e-07
  -1.6723616e-08
  -1.2050161e-07
  -1.6846062e-07
   2.7925791e-07
  -2.8998003e-07
  -2.9711388e-08
   1.3625609e-07
   1.0793433e-07
   2.1773219e-07
  -3.2317702e-08
  -2.1968247e-07
   8.4171707e-08
   1.4558148e-07
  -1.3033268e-07
  -3.7547919e-07
   6.0442287e-08
   5.1463673e-08
   5.2843817e-07
   1.4156572e-07
   2.5946408e-07
   4.9756258e-07
   3.0122033e-07
  -1.4654652e-07
  -1.6098320e-07
  -1.7814112e-07
  -6.6675856e-08
  -4.2645598e-08
   1.6053571e-07
  -1.4192068e-07
   4.5448419e-07
  -3.0461469e-07
  -1.6033482e-07
   6.2660492e-08
   8.2754391e-08
   5.8940019e-07
  -2.1637731e-08
  -3.6504434e-08
  -1.4384202e-07
   7.4969944e-08
   3.2021548e-09
   2.1605910e-07
  -2.9813861e-07
  -1.7788268e-08
  -6.9151610e-08
   6.4820954e-09
   1.2044927e-07
  -3.7995220e-08
  -3.4694998e-08
   1.9671329e-07
  -2.7626538e-07
   2.1191665e-07
  -5.9572687e-08
  -3.4232078e-07
   1.0504873e-07
  -3.1569435e-08
  -2.3241049e-07
   1.4261348e-07
  -2.2245148e-07
  -3.6257110e-10
   2.4667573e-07
  -5.9152694e-08
   1.9481534e-07
   2.0482125e-07
   1.3858144e-07
   4.4063994e-07
   2.8071474e-08
  -4.8835553e-08
   3.3977230e-07
   2.6961572e-07
  -2.2620250e-07
  -2.0939457e-08
  -1.3706691e-07
  -4.5347566e-07
   1.2328011e-07
  -2.3549831e-08
   4.9713009e-08
   2.9240679e-08
  -1.8494781e-07
   2.1475093e-07
  -3.0218100e-07
  -1.4388953e-07
  -2.8034116e-07
   9.3360464e-08
   1.6702346e-08
  -4.2629657e-07
   4.5781993e-07
  -3.1163521e-07
   2.8558239e-07
   3.0025246e-07
  -1.9901200e-07
  -8.8979632e-08
   5.5925313e-08
   2.1507207e-07
   7.3859161e-08
   8.6728996e-08
   1.9633286e-07
   2.8049500e-07
   2.7758402e-08
   7.6093152e-08
  -3.4975909e-07
  -3.0915623e-07
  -3.5677889e-07
   3.7817248e-08
  -1.2078283e-07
  -2.8803593e-07
  -1.6251717e-07
  -6.1054700e-08
  -3.0278002e-07
  -3.2988578e-07
  -7.3740321e-08
  -8.3126102e-08
  -2.5972440e-07
  -6.3948081e-09
  -1.6598779e-07
  -4.7833636e-07
   3.0582963e-08
  -5.7741176e-08
  -1.6879734e-07
   6.2265509e-08
  -1.4511685e-07
  -4.0269969e-08
   7.4494295e-08
   6.4475044e-08
   2.1393340e-07
   2.0476434e-07
  -4.2593824e-07
   1.3437828e-07
  -1.6172320e-07
   1.1653526e-07
  -7.7346947e-07
  -3.4682097e-07
  -1.5433495e-08
  -2.9838700e-08
  -1.0947874e-07
  -1.2194943e-07
  -6.4282006e-08
  -1.0764111e-07
   4.0621171e-07
  -3.1846171e-07
   1.6441912e-08
  -1.0778718e-07
   1.6182431e-08
  -3.0640974e-07
   4.3183429e-08
  -1.8739145e-07
   3.9492101e-07
  -2.7332768e-07
  -1.3868736e-07
   5.7139288e-07
   1.8433867e-07
  -1.1334978e-07
  -9.9487988e-09
   3.3246528e-07
   2.7378629e-08
  -5.1236154e-07
   4.6471573e-08
  -1.6657279e-07
   1.2338041e-07
  -8.9570383e-08
  -5.8411246e-08
  -3.1291484e-08
   1.7496458e-07
   2.2272825e-07
   2.7640362e-07
   2.9428579e-07
   2.1631647e-07
  -4.6311334e-07
  -8.6422263e-09
  -1.4263443e-07
  -1.7443939e-07
  -2.9063691e-07
   1.0256095e-07
   2.4945440e-07
  -4.3255022e-07
   4.6821466e-07
   5.7137939e-08
  -1.4817728e-07
  -1.7161293e-07
   1.3406690e-07
  -1.2601335e-07
  -2.9673630e-07
  -4.0149433e-07
  -4.7875512e-07
  -7.7860499e-08
  -3.9141307e-08
  -1.1803338e-07
   1.8244061e-08
   5.1066860e-07
   1.8041740e-08
  -2.0227123e-07
  -3.8334544e-07
  -2.8102678e-07
  -4.4622379e-07
  -1.9026092e-08
  -5.2288253e-07
  -3.2373112e-08
  -1.0386811e-08
   3.2506269e-08
   1.7066237e-07
  -5.0456647e-08
  -2.1908640e-07
  -6.9579898e-09
   3.0548541e-07
   4.6513089e-07
  -1.2524518e-07
   1.6594888e-07
   5.6650230e-08
   2.4301169e-07
  -6.7749176e-08
   3.4106806e-07
  -1.4635751e-07
  -2.3572305e-07
  -1.4189958e-07
  -1.4447904e-07
   2.3898615e-07
  -3.1805214e-07
   1.8030963e-07
  -5.5640583e-08
  -9.5064498e-08
  -1.9980462e-07
   3.1159824e-07
  -1.7898486e-07
   3.9971071e-07
  -1.3502429e-07
   3.3416711e-07
  -3.9040358e-08
   1.8996721e-07
   2.4951545e-07
   5.6399348e-07
  -2.2827660e-07
   5.7393434e-08
  -3.9524194e-09
   4.6715041e-07
   1.3555179e-08
   3.3210607e-08
   3.0689315e-07
  -7.4343887e-08
  -2.2601497e-07
   2.6849397e-07
  -7.5555778e-07
   3.7367569e-07
   2.7816716e-07
  -1.9901541e-07
   2.4370070e-07
   3.0992004e-07
   2.9271611e-08
   1.2550438e-08
  -1.8667510e-07
   1.8447611e-07
   8.3892548e-08
  -1.6653303e-07
  -1.9465512e-07
   1.0934363e-07
  -2.1489121e-07
   1.8049254e-07
  -1.5612185e-07
  -7.4800636e-08
   4.9920369e-07
  -8.7059393e-09
  -1.9128998e-08
  -1.9715963e-07
  -2.6639852e-07
  -1.2459389e-07
   2.2675793e-07
  -1.3318528e-07
  -1.5362027e-07
  -4.2259289e-07
   1.3533404e-07
  -3.3232864e-07
  -2.2032112e-07
   3.1155174e-07
   1.4067631e-07
  -4.5734877e-09
  -4.5923208e-07
  -3.9037494e-07
   2.0851934e-07
  -8.1202087e-08
   1.9333707e-07
   3.5106572e-07
  -5.8555535e-09
   1.8826877e-07
   3.5768209e-08
   1.9277811e-07
  -1.7810594e-08
  -9.2062132e-08
   1.1250075e-08
  -2.7806639e-07
   2.1300478e-07
  -6.3052315e-08
  -2.6034789e-07
   2.1354344e-07
   9.3131169e-08
   1.7288282e-07
  -1.7512532e-07
   4.2737830e-07
  -4.4780197e-08
   4.9013900e-07
   1.5556126e-07
   4.4764827e-07
  -3.3508248e-07
   1.4043333e-08
   8.8140946e-08
  -6.0628391e-09
  -1.9569678e-07
   2.9738438e-07
   4.3964234e-07
   2.5301533e-07
   1.0325581e-07
  -2.7127712e-07
  -7.6307404e-08
  -3.4641171e-07
   4.1334892e-08
  -4.3433026e-07
  -1.4214923e-07
  -2.5071601e-07
  -1.2436788e-07
  -6.1622030e-08
   3.0800006e-08
  -2.2472057e-08
   1.7714911e-09
  -7.0872255e-10
   1.6563258e-07
  -1.8414173e-07
   1.2217100e-07
  -2.8337923e-07
  -9.8411149e-08
   1.8007848e-08
   5.2030917e-07
   3.5540373e-07
   1.7821345e-07
  -7.6116143e-07
  -2.1846838e-08
  -2.3563424e-07
   1.8292879e-07
   4.8491490e-08
  -1.4461144e-07
   7.1927228e-09
  -2.3675060e-07
  -5.3558568e-07
  -1.0380185e-07
   1.9737016e-07
   3.6611035e-07
  -3.3861952e-07
  -8.7705481e-08
   4.8290528e-08
  -1.0844481e-07
   1.3419784e-07
   1.3111233e-07
  -2.1845954e-07
  -1.8134885e-07
  -1.8719421e-07
   1.6236585e-07
  -2.0400493e-07
  -1.5324456e-07
  -3.7353663e-08
  -4.5295555e-08
   8.4216791e-08
  -2.3585347e-08
  -1.4303302e-07
  -3.7671568e-07
  -5.2680709e-07
  -1.7760829e-07
   1.6398892e-07
  -1.5594400e-07
  -3.0483773e-07
  -2.2261148e-07
  -6.5700325e-08
   5.9475654e-08
   2.9474812e-07
   3.2322626e-07
  -2.4268476e-07
  -2.3535539e-07
   1.4340628e-09
   1.4672198e-07
   1.5424174e-07
  -5.8563616e-07
   1.2767494e-07
   8.7324405e-08
   2.7000337e-07
  -2.1524653e-08
   2.6280378e-07
  -2.7194173e-07
   5.5060358e-08
   1.7322575e-07
  -2.4799104e-07
   1.0106325e-07
  -1.7126111e-07
  -5.0074308e-07
   2.1068674e-07
  -1.4179662e-07
  -2.2468812e-07
  -2.6950709e-07
   2.5321404e-07
  -1.7975875e-08
   9.3051969e-09
   2.7245387e-08
  -1.3323802e-08
   2.7932724e-08
  -2.3721390e-07
  -5.1404312e-08
  -3.7863347e-08
   1.3785949e-07
   2.4598239e-07
  -6.2017030e-08
   2.9461554e-07
   7.1754724e-08
   2.1697394e-07
   7.6882885e-08
   5.4542883e-08
   1.5211849e-08
   1.0755711e-08
  -1.7825573e-07
   9.5095250e-08
  -5.2553250e-07
  -1.4094758e-07
   1.2888855e-07
  -1.2450759e-07
  -3.9565580e-07
   3.2744744e-07
   2.1659085e-07
  -7.4826582e-08
  -1.8986898e-07
   8.5416299e-08
   6.0883461e-08
   4.3353216e-08
  -1.9798173e-07
   1.2621184e-07
   2.7893019e-07
   3.3325343e-07
   3.2374591e-07
  -7.3570650e-08
   2.0904367e-07
  -3.7273449e-07
   3.0157813e-07
   5.1213808e-08
  -1.0497876e-07
   1.0087724e-07
   1.6460332e-08
  -7.1895780e-08
  -3.7241090e-07
  -1.7231123e-07
   1.3937002e-07
  -1.8999719e-08
  -2.0347214e-07
   4.0229001e-07
  -3.3607805e-08
   2.4160425e-07
  -6.8631000e-08
   1.7134989e-08
   1.1449557e-07
  -4.0305493e-07
  -2.0156124e-07
   1.3919033e-07
  -2.5750963e-07
  -8.5284122e-08
  -2.4397134e-08
  -1.2067685e-07
   4.5087033e-08
  -4.0845477e-07
  -6.7777164e-08
   3.0527488e-07
   2.9015217e-07
  -1.9430932e-08
  -6.8650089e-08
  -5.8093451e-08
   2.6600612e-07
  -3.1838663e-07
   3.9661272e-07
   4.0976467e-07
  -9.8784897e-08
  -2.8269874e-07
   7.3101087e-08
   2.7917038e-07
  -1.7984609e-07
  -1.1463998e-09
   8.0236889e-08
  -4.9397052e-08
   9.9736759e-08
  -1.7803712e-09
   2.5580130e-07
  -2.2175656e-07
   5.3767734e-08
  -3.8726651e-08
   2.6754570e-07
   8.7123256e-09
   2.7684333e-07
   8.3699992e-08
   8.7471391e-08
  -2.6059699e-08
  -2.2519847e-07
  -6.2735532e-08
  -2.1855226e-07
   1.4927927e-07
   3.1526426e-07
   3.3849685e-08
  -1.6947435e-07
  -1.6369594e-07
   2.0875488e-07
  -3.5899560e-08
   1.6031630e-07
   1.3399316e-07
  -1.0673600e-07
   1.0789779e-07
  -8.6595505e-08
  -6.6237901e-07
  -5.5445948e-07
   2.0423045e-07
  -1.1794200e-07
  -1.9108738e-07
  -4.4477251e-08
  -4.9490495e-10
  -2.8137398e-08
  -1.3571207e-08
   3.6081468e-07
  -6.8181943e-08
  -2.7549009e-07
  -2.0037602e-07
  -1.6920638e-07
  -6.2003539e-08
  -1.6610883e-08
   3.2204468e-07
  -1.6095523e-07
  -3.1170066e-07
  -1.7438116e-07
  -2.0106535e-08
  -1.1588689e-07
   2.1917373e-07
  -1.4051797e-07
   3.2111759e-07
  -1.9471259e-07
  -2.2319653e-08
  -2.9914555e-07
  -1.8641956e-07
  -4.6208710e-07
   2.2483877e-08
   1.7967187e-07
   1.4732803e-07
  -6.0458813e-07
  -5.3150980e-07
  -2.3775171e-08
   1.5554634e-07
  -3.1201761e-07
   5.7651867e-07
   8.5341083e-08
   1.9669711e-07
  -5.2129653e-07
  -5.6883330e-08
   1.1765506e-07
  -1.3863612e-07
  -2.2133194e-07
   8.7451765e-08
  -4.8529079e-08
  -1.1272975e-07
  -2.2459776e-07
   9.5353033e-08
   6.7452544e-08
  -2.0284823e-07
  -2.6713394e-07
   2.8324250e-07
   1.6146274e-07
  -1.7630641e-07
   2.6529924e-07
   2.5245234e-07
   4.3861842e-09
   4.1246748e-07
  -3.0568705e-07
  -1.3229284e-07
   7.1473425e-08
   2.0355933e-07
   5.0011464e-07
   7.1331758e-08
   2.8507996e-07
  -4.7576178e-07
   2.9006556e-07
   8.9207062e-08
   1.6723504e-07
   4.1033530e-08
   1.1755219e-07
  -3.9238216e-07
  -1.7050491e-07
  -1.5726085e-07
  -5.7739265e-08
  -1.0803129e-07
  -2.7171738e-07
  -2.2935739e-07
  -1.5422285e-08
  -1.4991395e-08
  -2.0392453e-07
   5.0020474e-08
   1.3056492e-07
   2.3958255e-07
  -3.1170179e-08
   1.7767694e-08
  -3.4940506e-07
  -4.1708602e-07
  -2.5630046e-07
