   3.2634692e-11
   8.7183220e-10
   7.2746810e-09
   3.4296070e-08
   1.1335815e-07
   2.9428155e-07
   6.4252366e-07
   1.2329612e-06
   2.1421906e-06
   3.4411530e-06
   5.1892340e-06
   7.4303783e-06
   1.0191222e-05
   1.3481000e-05
   1.7292891e-05
   2.1606268e-05
   2.6389370e-05
   3.1602137e-05
   3.7198893e-05
   4.3130734e-05
   4.9347576e-05
   5.5799788e-05
   6.2439414e-05
   6.9221042e-05
   7.6102408e-05
   8.3044719e-05
   9.0012788e-05
   9.6975008e-05
   1.0390324e-04
   1.1077265e-04
   1.1756148e-04
   1.2425076e-04
   1.3082412e-04
   1.3726746e-04
   1.4356880e-04
   1.4971796e-04
   1.5570638e-04
   1.6152699e-04
   1.6717396e-04
   1.7264264e-04
   1.7792940e-04
   1.8303153e-04
   1.8794712e-04
   1.9267504e-04
   1.9721487e-04
   2.0156682e-04
   2.0573165e-04
   2.0971065e-04
   2.1350557e-04
   2.1711860e-04
   2.2055236e-04
   2.2380984e-04
   2.2689433e-04
   2.2980938e-04
   2.3255883e-04
   2.3514677e-04
   2.3757747e-04
   2.3985539e-04
   2.4198514e-04
   2.4397147e-04
   2.4581923e-04
   2.4753333e-04
   2.4911870e-04
   2.5058033e-04
